   3.2345305e-01
   3.2414575e-01
   3.2483865e-01
   3.2553175e-01
   3.2622505e-01
   3.2691854e-01
   3.2761223e-01
   3.2830611e-01
   3.2900019e-01
   3.2969445e-01
   3.3038891e-01
   3.3108355e-01
   3.3177839e-01
   3.3247341e-01
   3.3316861e-01
   3.3386400e-01
   3.3455957e-01
   3.3525533e-01
   3.3595127e-01
   3.3664738e-01
   3.3734368e-01
   3.3804015e-01
   3.3873681e-01
   3.3943363e-01
   3.4013063e-01
   3.4082781e-01
   3.4152516e-01
   3.4222268e-01
   3.4292037e-01
   3.4361823e-01
   3.4431625e-01
   3.4501445e-01
   3.4571281e-01
   3.4641134e-01
   3.4711003e-01
   3.4780888e-01
   3.4850790e-01
   3.4920707e-01
   3.4990641e-01
   3.5060591e-01
   3.5130556e-01
   3.5200537e-01
   3.5270534e-01
   3.5340546e-01
   3.5410574e-01
   3.5480617e-01
   3.5550675e-01
   3.5620749e-01
   3.5690837e-01
   3.5760940e-01
   3.5831058e-01
   3.5901191e-01
   3.5971339e-01
   3.6041501e-01
   3.6111677e-01
   3.6181868e-01
   3.6252073e-01
   3.6322292e-01
   3.6392526e-01
   3.6462773e-01
   3.6533034e-01
   3.6603309e-01
   3.6673598e-01
   3.6743900e-01
   3.6814216e-01
   3.6884545e-01
   3.6954887e-01
   3.7025243e-01
   3.7095612e-01
   3.7165994e-01
   3.7236389e-01
   3.7306797e-01
   3.7377217e-01
   3.7447651e-01
   3.7518096e-01
   3.7588555e-01
   3.7659026e-01
   3.7729509e-01
   3.7800004e-01
   3.7870512e-01
   3.7941032e-01
   3.8011563e-01
   3.8082107e-01
   3.8152663e-01
   3.8223230e-01
   3.8293809e-01
   3.8364399e-01
   3.8435001e-01
   3.8505614e-01
   3.8576239e-01
   3.8646875e-01
   3.8717522e-01
   3.8788180e-01
   3.8858849e-01
   3.8929529e-01
   3.9000220e-01
   3.9070921e-01
   3.9141634e-01
   3.9212356e-01
   3.9283090e-01
   3.9353833e-01
   3.9424587e-01
   3.9495351e-01
   3.9566126e-01
   3.9636910e-01
   3.9707705e-01
   3.9778509e-01
   3.9849323e-01
   3.9920147e-01
   3.9990981e-01
   4.0061824e-01
   4.0132677e-01
   4.0203539e-01
   4.0274411e-01
   4.0345292e-01
   4.0416182e-01
   4.0487081e-01
   4.0557990e-01
   4.0628907e-01
   4.0699833e-01
   4.0770768e-01
   4.0841712e-01
   4.0912664e-01
   4.0983625e-01
   4.1054595e-01
   4.1125573e-01
   4.1196559e-01
   4.1267554e-01
   4.1338557e-01
   4.1409568e-01
   4.1480587e-01
   4.1551614e-01
   4.1622649e-01
   4.1693691e-01
   4.1764742e-01
   4.1835800e-01
   4.1906866e-01
   4.1977939e-01
   4.2049020e-01
   4.2120108e-01
   4.2191204e-01
   4.2262307e-01
   4.2333416e-01
   4.2404534e-01
   4.2475658e-01
   4.2546789e-01
   4.2617926e-01
   4.2689071e-01
   4.2760222e-01
   4.2831381e-01
   4.2902545e-01
   4.2973716e-01
   4.3044894e-01
   4.3116078e-01
   4.3187268e-01
   4.3258465e-01
   4.3329667e-01
   4.3400876e-01
   4.3472091e-01
   4.3543311e-01
   4.3614538e-01
   4.3685770e-01
   4.3757008e-01
   4.3828252e-01
   4.3899502e-01
   4.3970756e-01
   4.4042017e-01
   4.4113282e-01
   4.4184553e-01
   4.4255830e-01
   4.4327111e-01
   4.4398397e-01
   4.4469689e-01
   4.4540985e-01
   4.4612287e-01
   4.4683593e-01
   4.4754904e-01
   4.4826219e-01
   4.4897540e-01
   4.4968864e-01
   4.5040194e-01
   4.5111527e-01
   4.5182865e-01
   4.5254208e-01
   4.5325554e-01
   4.5396905e-01
   4.5468259e-01
   4.5539618e-01
   4.5610980e-01
   4.5682347e-01
   4.5753717e-01
   4.5825091e-01
   4.5896469e-01
   4.5967850e-01
   4.6039235e-01
   4.6110623e-01
   4.6182014e-01
   4.6253409e-01
   4.6324807e-01
   4.6396209e-01
   4.6467613e-01
   4.6539020e-01
   4.6610431e-01
   4.6681844e-01
   4.6753260e-01
   4.6824679e-01
   4.6896101e-01
   4.6967525e-01
   4.7038952e-01
   4.7110382e-01
   4.7181814e-01
   4.7253248e-01
   4.7324685e-01
   4.7396123e-01
   4.7467564e-01
   4.7539008e-01
   4.7610453e-01
   4.7681900e-01
   4.7753349e-01
   4.7824800e-01
   4.7896253e-01
   4.7967707e-01
   4.8039163e-01
   4.8110621e-01
   4.8182080e-01
   4.8253541e-01
   4.8325003e-01
   4.8396466e-01
   4.8467930e-01
   4.8539396e-01
   4.8610863e-01
   4.8682331e-01
   4.8753800e-01
   4.8825270e-01
   4.8896741e-01
   4.8968212e-01
   4.9039684e-01
   4.9111157e-01
   4.9182631e-01
   4.9254105e-01
   4.9325579e-01
   4.9397054e-01
   4.9468529e-01
   4.9540005e-01
   4.9611481e-01
   4.9682956e-01
   4.9754432e-01
   4.9825908e-01
   4.9897384e-01
   4.9968860e-01
   5.0040335e-01
   5.0111811e-01
   5.0183285e-01
   5.0254760e-01
   5.0326234e-01
   5.0397708e-01
   5.0469181e-01
   5.0540653e-01
   5.0612125e-01
   5.0683595e-01
   5.0755065e-01
   5.0826534e-01
   5.0898002e-01
   5.0969469e-01
   5.1040935e-01
   5.1112400e-01
   5.1183863e-01
   5.1255326e-01
   5.1326786e-01
   5.1398246e-01
   5.1469704e-01
   5.1541160e-01
   5.1612614e-01
   5.1684067e-01
   5.1755518e-01
   5.1826968e-01
   5.1898415e-01
   5.1969860e-01
   5.2041304e-01
   5.2112745e-01
   5.2184184e-01
   5.2255621e-01
   5.2327055e-01
   5.2398488e-01
   5.2469917e-01
   5.2541345e-01
   5.2612769e-01
   5.2684191e-01
   5.2755610e-01
   5.2827027e-01
   5.2898441e-01
   5.2969851e-01
   5.3041259e-01
   5.3112664e-01
   5.3184066e-01
   5.3255464e-01
   5.3326859e-01
   5.3398251e-01
   5.3469640e-01
   5.3541025e-01
   5.3612406e-01
   5.3683784e-01
   5.3755159e-01
   5.3826529e-01
   5.3897896e-01
   5.3969259e-01
   5.4040618e-01
   5.4111974e-01
   5.4183325e-01
   5.4254672e-01
   5.4326014e-01
   5.4397353e-01
   5.4468687e-01
   5.4540017e-01
   5.4611342e-01
   5.4682663e-01
   5.4753979e-01
   5.4825290e-01
   5.4896597e-01
   5.4967899e-01
   5.5039196e-01
   5.5110488e-01
   5.5181775e-01
   5.5253057e-01
   5.5324334e-01
   5.5395605e-01
   5.5466872e-01
   5.5538133e-01
   5.5609388e-01
   5.5680638e-01
   5.5751883e-01
   5.5823121e-01
   5.5894354e-01
   5.5965582e-01
   5.6036803e-01
   5.6108018e-01
   5.6179228e-01
   5.6250431e-01
   5.6321628e-01
   5.6392819e-01
   5.6464004e-01
   5.6535183e-01
   5.6606355e-01
   5.6677520e-01
   5.6748679e-01
   5.6819831e-01
   5.6890977e-01
   5.6962115e-01
   5.7033247e-01
   5.7104372e-01
   5.7175490e-01
   5.7246601e-01
   5.7317704e-01
   5.7388801e-01
   5.7459890e-01
   5.7530972e-01
   5.7602046e-01
   5.7673113e-01
   5.7744172e-01
   5.7815223e-01
   5.7886267e-01
   5.7957303e-01
   5.8028331e-01
   5.8099351e-01
   5.8170363e-01
   5.8241367e-01
   5.8312363e-01
   5.8383350e-01
   5.8454329e-01
   5.8525300e-01
   5.8596262e-01
   5.8667215e-01
   5.8738160e-01
   5.8809097e-01
   5.8880024e-01
   5.8950942e-01
   5.9021852e-01
   5.9092752e-01
   5.9163644e-01
   5.9234526e-01
   5.9305399e-01
   5.9376262e-01
   5.9447116e-01
   5.9517961e-01
   5.9588796e-01
   5.9659621e-01
   5.9730437e-01
   5.9801243e-01
   5.9872038e-01
   5.9942824e-01
   6.0013600e-01
   6.0084366e-01
   6.0155121e-01
   6.0225866e-01
   6.0296601e-01
   6.0367325e-01
   6.0438039e-01
   6.0508742e-01
   6.0579434e-01
   6.0650116e-01
   6.0720786e-01
   6.0791446e-01
   6.0862095e-01
   6.0932732e-01
   6.1003358e-01
   6.1073973e-01
   6.1144577e-01
   6.1215169e-01
   6.1285750e-01
   6.1356319e-01
   6.1426876e-01
   6.1497421e-01
   6.1567955e-01
   6.1638476e-01
   6.1708986e-01
   6.1779483e-01
   6.1849968e-01
   6.1920441e-01
   6.1990901e-01
   6.2061349e-01
   6.2131784e-01
   6.2202207e-01
   6.2272616e-01
   6.2343013e-01
   6.2413397e-01
   6.2483768e-01
   6.2554126e-01
   6.2624470e-01
   6.2694802e-01
   6.2765120e-01
   6.2835424e-01
   6.2905715e-01
   6.2975992e-01
   6.3046255e-01
   6.3116505e-01
   6.3186740e-01
   6.3256962e-01
   6.3327169e-01
   6.3397362e-01
   6.3467541e-01
   6.3537705e-01
   6.3607855e-01
   6.3677990e-01
   6.3748111e-01
   6.3818217e-01
   6.3888308e-01
   6.3958383e-01
   6.4028444e-01
   6.4098490e-01
   6.4168520e-01
   6.4238535e-01
   6.4308534e-01
   6.4378518e-01
   6.4448486e-01
   6.4518439e-01
   6.4588375e-01
   6.4658295e-01
   6.4728200e-01
   6.4798088e-01
   6.4867960e-01
   6.4937815e-01
   6.5007654e-01
   6.5077477e-01
   6.5147283e-01
   6.5217071e-01
   6.5286843e-01
   6.5356598e-01
   6.5426336e-01
   6.5496057e-01
   6.5565760e-01
   6.5635446e-01
   6.5705114e-01
   6.5774765e-01
   6.5844398e-01
   6.5914013e-01
   6.5983610e-01
   6.6053189e-01
   6.6122749e-01
   6.6192292e-01
   6.6261816e-01
   6.6331321e-01
   6.6400808e-01
   6.6470276e-01
   6.6539725e-01
   6.6609155e-01
   6.6678566e-01
   6.6747958e-01
   6.6817330e-01
   6.6886683e-01
   6.6956017e-01
   6.7025331e-01
   6.7094625e-01
   6.7163899e-01
   6.7233153e-01
   6.7302386e-01
   6.7371600e-01
   6.7440793e-01
   6.7509966e-01
   6.7579118e-01
   6.7648249e-01
   6.7717359e-01
   6.7786449e-01
   6.7855517e-01
   6.7924564e-01
   6.7993589e-01
   6.8062593e-01
   6.8131576e-01
   6.8200536e-01
   6.8269475e-01
   6.8338392e-01
   6.8407286e-01
   6.8476159e-01
   6.8545008e-01
   6.8613836e-01
   6.8682640e-01
   6.8751422e-01
   6.8820181e-01
   6.8888917e-01
   6.8957629e-01
   6.9026319e-01
   6.9094984e-01
   6.9163626e-01
   6.9232245e-01
   6.9300839e-01
   6.9369410e-01
   6.9437956e-01
   6.9506478e-01
   6.9574975e-01
   6.9643448e-01
   6.9711896e-01
   6.9780319e-01
   6.9848717e-01
   6.9917090e-01
   6.9985438e-01
   7.0053760e-01
   7.0122057e-01
   7.0190327e-01
   7.0258572e-01
   7.0326791e-01
   7.0394983e-01
   7.0463150e-01
   7.0531289e-01
   7.0599402e-01
   7.0667488e-01
   7.0735547e-01
   7.0803579e-01
   7.0871584e-01
   7.0939561e-01
   7.1007510e-01
   7.1075432e-01
   7.1143326e-01
   7.1211191e-01
   7.1279029e-01
   7.1346838e-01
   7.1414618e-01
   7.1482369e-01
   7.1550092e-01
   7.1617785e-01
   7.1685449e-01
   7.1753084e-01
   7.1820689e-01
   7.1888264e-01
   7.1955809e-01
   7.2023324e-01
   7.2090809e-01
   7.2158263e-01
   7.2225686e-01
   7.2293079e-01
   7.2360441e-01
   7.2427771e-01
   7.2495070e-01
   7.2562337e-01
   7.2629573e-01
   7.2696776e-01
   7.2763947e-01
   7.2831086e-01
   7.2898193e-01
   7.2965266e-01
   7.3032307e-01
   7.3099315e-01
   7.3166289e-01
   7.3233230e-01
   7.3300137e-01
   7.3367010e-01
   7.3433849e-01
   7.3500653e-01
   7.3567423e-01
   7.3634159e-01
   7.3700859e-01
   7.3767524e-01
   7.3834154e-01
   7.3900748e-01
   7.3967307e-01
   7.4033829e-01
   7.4100315e-01
   7.4166765e-01
   7.4233178e-01
   7.4299554e-01
   7.4365893e-01
   7.4432195e-01
   7.4498459e-01
   7.4564685e-01
   7.4630873e-01
   7.4697023e-01
   7.4763135e-01
   7.4829208e-01
   7.4895242e-01
   7.4961236e-01
   7.5027191e-01
   7.5093107e-01
   7.5158983e-01
   7.5224818e-01
   7.5290613e-01
   7.5356367e-01
   7.5422081e-01
   7.5487753e-01
   7.5553384e-01
   7.5618973e-01
   7.5684520e-01
   7.5750025e-01
   7.5815487e-01
   7.5880907e-01
   7.5946283e-01
   7.6011617e-01
   7.6076907e-01
   7.6142152e-01
   7.6207354e-01
   7.6272512e-01
   7.6337625e-01
   7.6402692e-01
   7.6467715e-01
   7.6532692e-01
   7.6597623e-01
   7.6662509e-01
   7.6727347e-01
   7.6792139e-01
   7.6856884e-01
   7.6921582e-01
   7.6986232e-01
   7.7050834e-01
   7.7115388e-01
   7.7179893e-01
   7.7244350e-01
   7.7308757e-01
   7.7373115e-01
   7.7437423e-01
   7.7501681e-01
   7.7565888e-01
   7.7630044e-01
   7.7694150e-01
   7.7758203e-01
   7.7822205e-01
   7.7886155e-01
   7.7950052e-01
   7.8013896e-01
   7.8077687e-01
   7.8141424e-01
   7.8205108e-01
   7.8268737e-01
   7.8332311e-01
   7.8395830e-01
   7.8459294e-01
   7.8522702e-01
   7.8586053e-01
   7.8649348e-01
   7.8712586e-01
   7.8775767e-01
   7.8838890e-01
   7.8901954e-01
   7.8964960e-01
   7.9027907e-01
   7.9090795e-01
   7.9153623e-01
   7.9216390e-01
   7.9279097e-01
   7.9341742e-01
   7.9404326e-01
   7.9466848e-01
   7.9529308e-01
   7.9591704e-01
   7.9654038e-01
   7.9716307e-01
   7.9778512e-01
   7.9840653e-01
   7.9902728e-01
   7.9964737e-01
   8.0026681e-01
   8.0088557e-01
   8.0150367e-01
   8.0212109e-01
   8.0273782e-01
   8.0335387e-01
   8.0396923e-01
   8.0458389e-01
   8.0519785e-01
   8.0581110e-01
   8.0642364e-01
   8.0703546e-01
   8.0764656e-01
   8.0825692e-01
   8.0886655e-01
   8.0947544e-01
   8.1008359e-01
   8.1069098e-01
   8.1129761e-01
   8.1190348e-01
   8.1250858e-01
   8.1311290e-01
   8.1371645e-01
   8.1431920e-01
   8.1492115e-01
   8.1552231e-01
   8.1612266e-01
   8.1672219e-01
   8.1732090e-01
   8.1791879e-01
   8.1851584e-01
   8.1911205e-01
   8.1970741e-01
   8.2030192e-01
   8.2089556e-01
   8.2148834e-01
   8.2208023e-01
   8.2267125e-01
   8.2326137e-01
   8.2385059e-01
   8.2443891e-01
   8.2502631e-01
   8.2561279e-01
   8.2619833e-01
   8.2678294e-01
   8.2736661e-01
   8.2794931e-01
   8.2853106e-01
   8.2911183e-01
   8.2969161e-01
   8.3027040e-01
   8.3084813e-01
   8.3142467e-01
   8.3199960e-01
   8.3257145e-01
   8.3313530e-01
   8.3367442e-01
   8.3413209e-01
   8.3431613e-01
   8.3357754e-01
   8.2974387e-01
   8.1574694e-01
   7.7064686e-01
   6.4925984e-01
   4.3157746e-01
   2.4297531e-01
   1.7650947e-01
   1.6505471e-01
   1.6395259e-01
   1.6430555e-01
   1.6485348e-01
   1.6542815e-01
   1.6600723e-01
   1.6658775e-01
   1.6716930e-01
   1.6775182e-01
   1.6833530e-01
   1.6891972e-01
   1.6950508e-01
   1.7009138e-01
   1.7067859e-01
   1.7126672e-01
   1.7185575e-01
   1.7244569e-01
   1.7303652e-01
   1.7362823e-01
   1.7422081e-01
   1.7481427e-01
   1.7540859e-01
   1.7600376e-01
   1.7659979e-01
   1.7719665e-01
   1.7779435e-01
   1.7839288e-01
   1.7899222e-01
   1.7959239e-01
   1.8019336e-01
   1.8079513e-01
   1.8139770e-01
   1.8200105e-01
   1.8260519e-01
   1.8321011e-01
   1.8381580e-01
   1.8442225e-01
   1.8502946e-01
   1.8563742e-01
   1.8624613e-01
   1.8685559e-01
   1.8746578e-01
   1.8807669e-01
   1.8868834e-01
   1.8930070e-01
   1.8991377e-01
   1.9052756e-01
   1.9114204e-01
   1.9175723e-01
   1.9237311e-01
   1.9298967e-01
   1.9360692e-01
   1.9422484e-01
   1.9484344e-01
   1.9546270e-01
   1.9608263e-01
   1.9670322e-01
   1.9732445e-01
   1.9794634e-01
   1.9856887e-01
   1.9919204e-01
   1.9981584e-01
   2.0044027e-01
   2.0106533e-01
   2.0169101e-01
   2.0231731e-01
   2.0294422e-01
   2.0357173e-01
   2.0419985e-01
   2.0482857e-01
   2.0545789e-01
   2.0608779e-01
   2.0671829e-01
   2.0734936e-01
   2.0798102e-01
   2.0861325e-01
   2.0924605e-01
   2.0987941e-01
   2.1051335e-01
   2.1114784e-01
   2.1178288e-01
   2.1241848e-01
   2.1305463e-01
   2.1369132e-01
   2.1432855e-01
   2.1496631e-01
   2.1560462e-01
   2.1624345e-01
   2.1688281e-01
   2.1752269e-01
   2.1816309e-01
   2.1880400e-01
   2.1944543e-01
   2.2008737e-01
   2.2072981e-01
   2.2137276e-01
   2.2201621e-01
   2.2266015e-01
   2.2330458e-01
   2.2394951e-01
   2.2459492e-01
   2.2524081e-01
   2.2588719e-01
   2.2653404e-01
   2.2718137e-01
   2.2782916e-01
   2.2847743e-01
   2.2912616e-01
   2.2977535e-01
   2.3042500e-01
   2.3107510e-01
   2.3172566e-01
   2.3237668e-01
   2.3302813e-01
   2.3368004e-01
   2.3433238e-01
   2.3498516e-01
   2.3563838e-01
   2.3629204e-01
   2.3694612e-01
   2.3760064e-01
   2.3825557e-01
   2.3891094e-01
   2.3956672e-01
   2.4022292e-01
   2.4087953e-01
   2.4153656e-01
   2.4219400e-01
   2.4285184e-01
   2.4351009e-01
   2.4416875e-01
   2.4482780e-01
   2.4548725e-01
   2.4614709e-01
   2.4680733e-01
   2.4746796e-01
   2.4812898e-01
   2.4879038e-01
   2.4945217e-01
   2.5011433e-01
   2.5077688e-01
   2.5143980e-01
   2.5210310e-01
   2.5276677e-01
   2.5343080e-01
   2.5409521e-01
   2.5475998e-01
   2.5542511e-01
   2.5609061e-01
   2.5675646e-01
   2.5742267e-01
   2.5808923e-01
   2.5875615e-01
   2.5942342e-01
   2.6009103e-01
   2.6075899e-01
   2.6142730e-01
   2.6209595e-01
   2.6276493e-01
   2.6343426e-01
   2.6410392e-01
   2.6477391e-01
   2.6544424e-01
   2.6611490e-01
   2.6678588e-01
   2.6745719e-01
   2.6812883e-01
   2.6880079e-01
   2.6947306e-01
   2.7014566e-01
   2.7081857e-01
   2.7149180e-01
   2.7216534e-01
   2.7283920e-01
   2.7351336e-01
   2.7418783e-01
   2.7486260e-01
   2.7553768e-01
   2.7621306e-01
   2.7688874e-01
   2.7756472e-01
   2.7824100e-01
   2.7891757e-01
   2.7959444e-01
   2.8027160e-01
   2.8094905e-01
   2.8162678e-01
   2.8230481e-01
   2.8298311e-01
   2.8366171e-01
   2.8434058e-01
   2.8501973e-01
   2.8569916e-01
   2.8637887e-01
   2.8705886e-01
   2.8773912e-01
   2.8841965e-01
   2.8910045e-01
   2.8978152e-01
   2.9046285e-01
   2.9114445e-01
   2.9182632e-01
   2.9250845e-01
   2.9319084e-01
   2.9387349e-01
   2.9455640e-01
   2.9523957e-01
   2.9592299e-01
   2.9660666e-01
   2.9729059e-01
   2.9797477e-01
   2.9865920e-01
   2.9934387e-01
   3.0002879e-01
   3.0071396e-01
   3.0139937e-01
   3.0208502e-01
   3.0277092e-01
   3.0345705e-01
   3.0414342e-01
   3.0483003e-01
   3.0551687e-01
   3.0620395e-01
   3.0689126e-01
   3.0757880e-01
   3.0826657e-01
   3.0895457e-01
   3.0964280e-01
   3.1033125e-01
   3.1101993e-01
   3.1170883e-01
   3.1239795e-01
   3.1308729e-01
   3.1377685e-01
   3.1446663e-01
   3.1515663e-01
   3.1584684e-01
   3.1653727e-01
   3.1722791e-01
   3.1791876e-01
   3.1860982e-01
   3.1930110e-01
   3.1999258e-01
   3.2068426e-01
   3.2137615e-01
   3.2206825e-01
   3.2276055e-01
   3.2345305e-01
